[0.653678]
[0.653678]
[0.653678]
[0.653678]
[0.653678]
[0.653678]
[0.653678]
[0.653678   0.43574271 0.44487494 0.41518173 0.4239513  0.50015861
 0.42615879 0.41283348 0.42249018 0.33071619 0.41716033 0.50333136
 0.39086893 0.38596302 0.29741085 0.35633117 0.41406167 0.48454475
 0.34706011 0.32967153 0.4179475  0.25732979 0.22027691 0.33074972
 0.34820133 0.34066936 0.40772054 0.49994743 0.31934446 0.36523691
 0.36660293 0.27829942 0.3079724  0.47674477 0.36725199 0.21873251
 0.27889037 0.46309215 0.23156995 0.50416571 0.37730882 0.36330959
 0.36881894 0.42760733 0.35864729 0.45361599 0.41595703 0.38030228
 0.44453877 0.43790525 0.39735109 0.19648537 0.23585242 0.3405562
 0.46659958 0.16624998 0.10792193 0.21041524 0.14713706 0.17343637
 0.23207843 0.44788095 0.25734535 0.28923738 0.37356567 0.19692868
 0.27282074 0.56180692 0.42330694 0.30916643 0.30034748 0.17991705
 0.22261594 0.27468845 0.16263331 0.46031773 0.35844862 0.4176161
 0.62754792 0.36637324 0.327629   0.44485351 0.37631589 0.48708999
 0.59044081 0.23653416 0.52041894 0.38310283 0.29389337 0.42527494
 0.36509943 0.47701317 0.53235883 0.52980828 0.22299848 0.32380182
 0.54619336 0.48356932 0.33803183 0.47877556 0.40289593 0.30766809]
[0.653678]
[0.653678]
[0.653678]
[0.653678]
[0.653678   0.48168227 0.46927211 0.38921323 0.4239513  0.44654053
 0.44371155 0.44487494 0.50333136 0.42615879 0.50698686 0.37510014
 0.36587664 0.4138661  0.39086893 0.29682851 0.30393744 0.30517533
 0.31953573 0.35495329 0.21911769 0.49994743 0.47674477 0.20594174
 0.5164662  0.39812127 0.23856565 0.46144581 0.45950729 0.41042534
 0.45912898 0.42766008 0.26211619 0.35587275 0.29618478 0.45207152
 0.41872954 0.40631858 0.4000392  0.35570341 0.23523481 0.36463162
 0.28957409 0.28062859 0.17452878 0.47043774 0.26278794 0.37065369
 0.48795027 0.51442248 0.42642963 0.52348989 0.42374048 0.41167414
 0.32792598 0.35528088 0.32659337 0.39313635 0.14159365 0.25916669
 0.32541996 0.24701315 0.19800037 0.19857821 0.39321682 0.58512342
 0.41548094 0.17855729 0.43869337 0.37872562 0.48781914 0.3071332
 0.36652595 0.58261979 0.19608904 0.39965165 0.37948608 0.44324481
 0.50940174 0.48228148 0.4178066  0.47320363 0.55232978 0.52305311
 0.43271324 0.32663727 0.29702565 0.50312859 0.36673957 0.48447838
 0.452465   0.35673213 0.48284197 0.35818288 0.41681081 0.30183199
 0.51773846 0.2484964  0.53840756 0.31656483 0.55183131 0.33671245
 0.58790046 0.52160686 0.38691089]
[0.653678]
[0.653678]
[0.653678   0.47033578 0.44487494 0.3700166  0.4626554  0.41233832
 0.45136091 0.25861582 0.32413167 0.33276752 0.41261289 0.28611797
 0.3725059  0.41168758 0.43862411 0.41173112 0.44649497 0.36067057
 0.3892675  0.32693005 0.4179475  0.23615465 0.31581575 0.36620757
 0.33648279 0.28955641 0.46566111 0.40760314 0.35623991 0.4072704
 0.2358216  0.49002233 0.32588378 0.34642416 0.15488257 0.40838268
 0.3038705  0.50723153 0.22335172 0.37811288 0.36639062 0.46057528
 0.46789137 0.13308172 0.49401423 0.40723756 0.19256973 0.36330959
 0.14699742 0.30994493 0.34567693 0.22862165 0.28170243 0.31570441
 0.36414379 0.28533524 0.09134571 0.18029559 0.42186213 0.31829673
 0.21248427 0.31517196 0.19342704 0.39562806 0.45619705 0.39919087
 0.32227343 0.42080325 0.39583352 0.44359002 0.37634242 0.41527626
 0.29459292 0.28182545 0.31353524 0.38135204 0.5867281  0.28948307
 0.36866009 0.40369022 0.1841241  0.4424006  0.435855   0.38836807
 0.39217955 0.61275202 0.52305311 0.41342479 0.41708976 0.48782235
 0.36566731 0.42545271 0.27096957 0.52884978 0.57229078 0.25735548
 0.35672188 0.50099224 0.54619336 0.27667594 0.41752383 0.35499954
 0.58609217]
[0.653678]
[0.653678]
[0.653678]
[0.653678   0.43574271]
[0.653678]
[0.653678   0.48168227 0.41067186 0.41518173 0.46387792 0.44487494
 0.31451574 0.46927211 0.4626554  0.44371155 0.37517411 0.48363948
 0.26976028 0.17235275 0.4180558  0.31416219 0.28510028 0.24840379
 0.1884523  0.39366037 0.18127707 0.31764719 0.31805551 0.38998094
 0.31887501 0.32528082 0.3847239  0.15477666 0.49002233 0.33299527
 0.30935019 0.54704022 0.19321793 0.32735068 0.3673836  0.44453767
 0.41355732 0.41317958 0.40740025 0.43683824 0.29737309 0.36397901
 0.35093322 0.25190797 0.38579366 0.37221566 0.49520922 0.24339333
 0.21458083 0.45277587 0.66012341 0.38687101 0.20575891 0.47866181
 0.44688782 0.29128397 0.27537692 0.40416217 0.3176263  0.35504657
 0.20337786 0.28287274 0.19415179 0.41273335 0.15823045 0.20978968
 0.15288563 0.3020733  0.12602909 0.4321897  0.41955736 0.48041242
 0.58261979 0.47480002 0.39215276 0.32906166 0.39969069 0.4017652
 0.49908826 0.22432579 0.39919087 0.39591378 0.45002982 0.40173995
 0.43114591 0.48156929 0.37547329 0.31246489 0.61275202 0.48253244
 0.26844102 0.52142072 0.40919596 0.41398162 0.48230246 0.42228696
 0.47175223 0.52920967 0.29550558 0.36447302 0.52429414 0.51711971
 0.3209815  0.35713664 0.54756373 0.58852524 0.32159302 0.35603395
 0.55241299 0.39796025 0.49170724 0.43835136]
[0.653678]
[0.653678]
[0.653678]
[0.653678   0.48168227 0.37866396 0.44487494 0.39238253 0.36164984
 0.46927211 0.49873012 0.45646209 0.4626554  0.42615879 0.20493032
 0.24032339 0.40304238 0.27648932 0.38886979 0.39086893 0.31411338
 0.49800783 0.54704022 0.28088003 0.32867393 0.2301878  0.18409316
 0.32181337 0.3016676  0.36155766 0.3284795  0.34583196 0.45368358
 0.52634245 0.4321644  0.34885639 0.38714486 0.35903746 0.40731314
 0.35780352 0.26506191 0.33018199 0.37167966 0.36498022 0.41951787
 0.5177201  0.28811684 0.48884043 0.24260573 0.32951668 0.28100103
 0.17578158 0.3276231  0.32698038 0.22809359 0.16502623 0.19844238
 0.14105833 0.13918184 0.39475977 0.32306534 0.6125356  0.37540913
 0.24377988 0.21607596 0.39775762 0.18913324 0.51442248 0.39073861
 0.19926745 0.24291652 0.49908826 0.49366516 0.39991689 0.50301552
 0.48293221 0.39387152 0.33255661 0.4613038  0.53140098 0.31853676
 0.52429414 0.54216576 0.39123863 0.42494017 0.58903629 0.32785034
 0.36741847 0.42660245 0.58030236 0.33507568 0.34849617 0.20608018
 0.54890305 0.60394019 0.37371483 0.40271354 0.45304468 0.36581632
 0.4428235  0.4640944  0.46664825 0.30349869 0.53965414 0.5516277
 0.30690905 0.55980486 0.35155717 0.37476715 0.49446797 0.22463557]
[0.653678   0.48168227 0.4626554  0.38921323 0.44816482 0.41518173
 0.4431009  0.46927211 0.28929594 0.27434069 0.34859148 0.28904018
 0.405103   0.15454204 0.49002233 0.33630034 0.5391342  0.47836396
 0.486494   0.42572013 0.33719352 0.30691907 0.13030227 0.2842496
 0.49475676 0.40380186 0.1460942  0.32016024 0.49917468 0.32967153
 0.48884043 0.33047262 0.36785498 0.42525366 0.27648538 0.26800817
 0.44603717 0.40107518 0.38291314 0.21100023 0.3912302  0.2010853
 0.20401856 0.29353023 0.45207152 0.58261979 0.29346824 0.28672618
 0.47850567 0.17591208 0.29310244 0.37221566 0.32366943 0.2980741
 0.43004265 0.4679603  0.44453877 0.44920012 0.33296382 0.23481521
 0.2356104  0.16658616 0.210696   0.16649236 0.27547994 0.20229796
 0.18899709 0.58025712 0.41524088 0.34655368 0.33514622 0.43077624
 0.36088118 0.37052882 0.44781154 0.41181523 0.42621163 0.48333809
 0.45519421 0.51508957 0.42085195 0.42656082 0.44900617 0.41717121
 0.59044081 0.17889707 0.33790055 0.3761628  0.3611097  0.28308466
 0.54737729 0.52429414 0.31833985 0.3895835  0.37781161 0.48185408
 0.33877283 0.2768268  0.5738579  0.54348868 0.54208237 0.43907711
 0.58212316 0.50973773 0.35647184 0.42236409 0.6620453 ]
[0.653678]
[0.653678]
[0.653678   0.44487494 0.49313805 0.41518173 0.47033578 0.38921323
 0.46927211 0.45314288 0.37463024 0.33745086 0.47552025 0.3405506
 0.38520986 0.3876732  0.32245365 0.54704022 0.3551839  0.30521488
 0.41261289 0.40931877 0.25321355 0.4795264  0.34359053 0.47674477
 0.14198676 0.26430199 0.37520617 0.44539824 0.3728646  0.42056784
 0.42572013 0.34028423 0.3703233  0.38686156 0.48976868 0.50020093
 0.25204906 0.40546221 0.27881175 0.43904409 0.12786624 0.34697881
 0.1965809  0.296455   0.34969807 0.46644315 0.49308795 0.56236398
 0.51281732 0.53970587 0.1769374  0.4346731  0.49908826 0.46754083
 0.45207152 0.6387769  0.26678821 0.44781154 0.27369031 0.14365165
 0.42598829 0.16508164 0.34047186 0.30191311 0.16609421 0.34908614
 0.32721609 0.15687642 0.37138495 0.19719359 0.38781214 0.30340618
 0.43891177 0.30111289 0.18112054 0.21620435 0.48805028 0.55232978
 0.47551712 0.5082171  0.40104225 0.43791115 0.4312526  0.3569757
 0.42740312 0.39484119 0.58030236 0.17518671 0.40947646 0.44421545
 0.44894651 0.3913399  0.28615227 0.46434206 0.59324944 0.50898355
 0.4634828  0.20701763 0.25218904 0.41768616 0.30722168 0.54840684
 0.3383716  0.36731192 0.58609217]
[0.653678]
[0.653678]
[0.653678]
[0.653678]
[0.653678]
[0.653678   0.48168227 0.42503327 0.50015861 0.41518173 0.41067186
 0.42615879 0.48141819 0.22092037 0.41630405 0.46927211 0.22964287
 0.42249018 0.38596302 0.38959947 0.49800783 0.37411377 0.37166294
 0.43917111 0.33622521 0.31684104 0.32967153 0.3251791  0.29465142
 0.30820021 0.30860561 0.5391342  0.45950729 0.41719395 0.35375953
 0.40298447 0.29645684 0.45553669 0.45761377 0.35159564 0.31936586
 0.46165144 0.25684205 0.32705039 0.29764891 0.4179475  0.24035461
 0.38579366 0.49002233 0.22274457 0.18329751 0.28469306 0.28193945
 0.28006256 0.38503623 0.58261979 0.41877121 0.52275628 0.29615092
 0.45094982 0.18602614 0.49908826 0.35753503 0.33729118 0.3300325
 0.30485308 0.21029426 0.15752685 0.31707612 0.16729914 0.47392973
 0.47201791 0.32460701 0.34393129 0.44788095 0.5020715  0.41523328
 0.33707741 0.30429652 0.41066539 0.20115653 0.52429414 0.43877748
 0.50294429 0.3496623  0.44506252 0.43605894 0.4260948  0.37727872
 0.39274845 0.53529584 0.60165203 0.46970618 0.51655388 0.35519761
 0.4840582  0.39050967 0.51995003 0.30061927 0.41283861 0.41562343
 0.33990002 0.5652045  0.54899645 0.43757787 0.35671735 0.39318392
 0.23835824]
[0.653678]
[0.653678]
[0.653678]
[0.653678]
[0.653678]
[0.653678]
[0.653678]
[0.653678   0.44487494 0.48168227 0.36659664 0.42615879 0.38343772
 0.39166376 0.42249018 0.41969195 0.47960749 0.31243002 0.37411377
 0.40393788 0.340655   0.28146863 0.33751437 0.48363948 0.48079947
 0.26265481 0.246351   0.35804832 0.17322178 0.41645235 0.41894382
 0.49556249 0.39313635 0.40789565 0.35179183 0.32850873 0.4360396
 0.47043774 0.48644575 0.28566495 0.486494   0.39716813 0.37684247
 0.19314446 0.37511095 0.28179771 0.28823924 0.47674477 0.16015068
 0.39797449 0.30314216 0.45368358 0.28864381 0.38579366 0.25105789
 0.34562242 0.25191519 0.4371973  0.28151941 0.32157987 0.35560471
 0.18257013 0.19344932 0.24608253 0.38163656 0.13881679 0.24240166
 0.26483291 0.47866181 0.41508079 0.26721978 0.29179069 0.28924766
 0.45823479 0.17202516 0.4069066  0.50165367 0.36913237 0.42008489
 0.54737729 0.52429414 0.46278638 0.3710753  0.32701817 0.27112088
 0.3582302  0.3481867  0.31176519 0.49406591 0.38347992 0.4271073
 0.37912247 0.42061505 0.48515779 0.36480805 0.48805028 0.51241666
 0.46958935 0.38886631 0.51947463 0.41967878 0.39501682 0.20462634
 0.22679953 0.54311407 0.58539075 0.31204808 0.46402615 0.57074904
 0.48516601 0.26682603 0.37704325]
[0.653678]
[0.653678   0.48168227 0.38558948 0.50333136 0.46927211 0.44371155
 0.38938335 0.42615879 0.2493964  0.30762345 0.42034936 0.44487494
 0.34419683 0.39086893 0.43737179 0.49800783 0.38921323 0.31819856
 0.23117326 0.13810048 0.49002233 0.38677087 0.41048032 0.37703446
 0.19625761 0.36156079 0.54704022 0.29309908 0.17362151 0.34341151
 0.42248559 0.32324234 0.44538939 0.20527887 0.22230375 0.46667466
 0.35618421 0.26986778 0.3104398  0.37520617 0.54382569 0.3762044
 0.49908826 0.22928403 0.33616543 0.27197519 0.14198467 0.510221
 0.32270837 0.26605734 0.44527254 0.18728237 0.40155816 0.18552814
 0.25645956 0.48884043 0.43648562 0.3526895  0.2482702  0.26843759
 0.43444863 0.17314455 0.28405103 0.41649911 0.48642263 0.40134832
 0.50290895 0.41578472 0.41739771 0.44857123 0.54737729 0.48443326
 0.42656082 0.44493115 0.35899174 0.32426652 0.33252531 0.33093879
 0.32806656 0.32361814 0.4528771  0.31955433 0.39115489 0.30716488
 0.47848505 0.48395118 0.55394459 0.38865706 0.5340758  0.1504502
 0.60394019 0.43269816 0.42286038 0.38104045 0.38254559 0.49166936
 0.43923968 0.46525276 0.35574517 0.53836918 0.54216993 0.56226945
 0.50761956 0.36332124 0.41247708 0.29215139 0.34126383]
[0.653678]
[0.653678]
[0.653678]
[0.653678   0.43574271 0.50015861 0.42503327 0.38921323 0.42982885
 0.45314288 0.3704567  0.44371155 0.48216799 0.42615879 0.38060322
 0.33357662 0.46541339 0.32912943 0.48363948 0.32340679 0.30666104
 0.3139933  0.37411377 0.40529677 0.22702694 0.33493385 0.40056491
 0.22827941 0.41260463 0.42332599 0.49002233 0.486494   0.51485765
 0.42557248 0.52634245 0.43057287 0.44453767 0.42372257 0.42044094
 0.3534551  0.39789712 0.45207152 0.32322881 0.28204265 0.21664111
 0.30387723 0.17814942 0.38715869 0.3728646  0.37221566 0.46102867
 0.27398419 0.25440648 0.37162483 0.31944925 0.37520617 0.42667568
 0.16344817 0.17866823 0.24428637 0.25504163 0.33355159 0.24525245
 0.16483475 0.34863189 0.19146971 0.31240857 0.20829286 0.58261979
 0.31952581 0.35876194 0.20128234 0.32966194 0.42481118 0.42797202
 0.40344104 0.43771696 0.47850567 0.59044081 0.46929172 0.23264481
 0.4164502  0.19212876 0.38902268 0.41289863 0.28197315 0.42534593
 0.33731508 0.41436401 0.44374952 0.40169081 0.52429414 0.54737729
 0.2513538  0.32511553 0.39881214 0.46215722 0.45562252 0.41632226
 0.4799431  0.52942353 0.59264743 0.42122954 0.46434    0.33327138
 0.25231171 0.48435518]
[0.653678]
[0.653678]
[0.653678   0.48839679 0.50015861 0.44487494 0.41518173 0.44470969
 0.42615879 0.40393788 0.23545463 0.38925198 0.29404214 0.20222947
 0.43034849 0.34224668 0.36113662 0.32595807 0.31368619 0.49805924
 0.38921323 0.56966615 0.30970472 0.16082086 0.34922361 0.42572013
 0.45950729 0.32800326 0.34882337 0.45207152 0.36620757 0.2790961
 0.38098076 0.48170158 0.26634753 0.405103   0.4237611  0.46342367
 0.38739583 0.37711403 0.16597657 0.40276018 0.25305676 0.15844063
 0.38135204 0.32267311 0.37315878 0.23783758 0.45618495 0.13763529
 0.17582972 0.3338165  0.39422467 0.19927256 0.22644584 0.21310887
 0.07602578 0.35049871 0.30305117 0.31328246 0.26657021 0.26075178
 0.25754809 0.1952415  0.38766328 0.34185722 0.36824062 0.41460136
 0.2750622  0.45020702 0.36886877 0.22177197 0.40869483 0.16455604
 0.49908826 0.43258154 0.379412   0.48891777 0.3911095  0.48805028
 0.42120057 0.56028825 0.47032803 0.51308602 0.41342479 0.34898508
 0.37192336 0.43136996 0.55485576 0.37394005 0.43176082 0.44609231
 0.41613725 0.35136518 0.25255567 0.54737729 0.52429414 0.28964746
 0.30132207 0.49979174 0.49771965 0.50504273 0.31868985 0.36177021
 0.54536188 0.59734297 0.29166141 0.3867026  0.55966008 0.323237
 0.58609217 0.51492429 0.49809593]
[0.653678]
[0.653678]
[0.653678   0.43574271 0.38343772 0.35949904 0.44371155 0.47362304
 0.44487494 0.48141819 0.3733784  0.39431897 0.46927211 0.39086893
 0.28825694 0.32009357 0.29067934 0.32158855 0.35881886 0.38921323
 0.27756697 0.17536286 0.27933922 0.50633544 0.30503324 0.21798156
 0.486494   0.49002233 0.30954766 0.26321104 0.15232332 0.25725943
 0.45207152 0.39441633 0.35734949 0.48644575 0.49922988 0.14332666
 0.40838268 0.3022677  0.36506569 0.24343789 0.42332599 0.48884043
 0.36385098 0.23329125 0.40086022 0.37138495 0.30331883 0.3150034
 0.25728244 0.32067132 0.31637654 0.39806122 0.38287964 0.08200982
 0.20920256 0.42134362 0.3139163  0.39399651 0.34663528 0.22079912
 0.32292256 0.18529111 0.19276485 0.19974217 0.38418975 0.35198718
 0.20835291 0.38213292 0.56134045 0.40381527 0.30081001 0.42755336
 0.37230802 0.25050059 0.43258154 0.17845273 0.52159989 0.39832294
 0.44980106 0.41198653 0.42950639 0.42742807 0.48676023 0.5124433
 0.40326744 0.45922634 0.37410703 0.20355923 0.37992415 0.43543884
 0.59044081 0.46179217 0.39524782 0.58030236 0.2485667  0.26538977
 0.53547567 0.61829633 0.49593374 0.20011368 0.26058704 0.32733449
 0.39197156 0.41551927 0.55235964 0.58327186]
[0.653678]
[0.653678   0.43574271 0.37866396 0.44816482 0.38921323 0.41518173
 0.3733784  0.41261289 0.42914852 0.44371155 0.50333136 0.49800783
 0.34706011 0.34301215 0.28917375 0.40393788 0.36066559 0.29633892
 0.41842851 0.17214495 0.50354397 0.54704022 0.3005302  0.36671388
 0.43051901 0.486494   0.41926077 0.3931599  0.33131593 0.47674477
 0.4179475  0.47620961 0.34562021 0.19591048 0.38484797 0.26035157
 0.40717816 0.45672172 0.30451399 0.37987193 0.39636794 0.38748443
 0.40528068 0.39054975 0.49107015 0.318919   0.38153023 0.31500807
 0.14173897 0.27180898 0.19655238 0.17218231 0.24719897 0.35754797
 0.31679401 0.28838289 0.19517218 0.17633691 0.24658881 0.18141717
 0.48849538 0.35696694 0.32690459 0.22710857 0.4028002  0.50760168
 0.44453877 0.31010413 0.44272155 0.19032276 0.42094675 0.49908826
 0.37015781 0.24376775 0.60394019 0.46929172 0.5967803  0.21455491
 0.35877109 0.30023676 0.42187953 0.43302545 0.3760542  0.58984351
 0.51755279 0.43957123 0.62689072 0.49652573 0.28877494 0.41678607
 0.51733488 0.35863379 0.46659204 0.41418585 0.29322612 0.33721012
 0.54737729 0.49482813 0.4202024  0.44489959 0.5357278  0.42586416
 0.56567514 0.54756373 0.22989686 0.20660746 0.47918805 0.56485075
 0.36963046 0.35103613 0.45354292 0.37365022 0.6459865 ]
[0.653678]
[0.653678]
[0.653678]
[0.653678]
[0.653678]
[0.653678]
[0.653678]
[0.653678   0.48168227 0.42615879 0.38921323 0.4626554  0.39512253
 0.46927211 0.41518173 0.47033578 0.36800417 0.29791328 0.26074657
 0.19221129 0.2436941  0.29910469 0.43792358 0.29279664 0.3189024
 0.48363948 0.42587936 0.21731326 0.22643279 0.54704022 0.3725059
 0.36318237 0.32933146 0.48079947 0.36483404 0.3571395  0.39360645
 0.33636057 0.27816775 0.39016098 0.19529749 0.31677681 0.5219382
 0.48352835 0.46566111 0.44553328 0.32454053 0.44453767 0.38233376
 0.40312532 0.31530005 0.32563311 0.19591831 0.47674477 0.30965945
 0.33643016 0.33454201 0.37099281 0.2398134  0.40208346 0.49520922
 0.12469192 0.18783027 0.12369782 0.35171613 0.30447608 0.37089458
 0.38180235 0.34262192 0.29168862 0.49908826 0.17515318 0.3213436
 0.27998146 0.22672813 0.22231102 0.21482736 0.50879419 0.42137861
 0.4679603  0.17446156 0.42860228 0.40502766 0.4751752  0.40520865
 0.58025712 0.38257992 0.60394019 0.44352013 0.38751248 0.58030236
 0.42819545 0.46158296 0.42422149 0.3813594  0.47288057 0.1578851
 0.52947724 0.43882877 0.49738961 0.41342506 0.29422382 0.4776682
 0.3702701  0.53788161 0.57862753 0.55060458 0.40843806 0.59542978
 0.51931781 0.37415764 0.42656606 0.38750115]
[0.653678]
[0.653678   0.48168227 0.44487494 0.41518173 0.39086893 0.42615879
 0.4626554  0.4431009  0.48216799 0.41630405 0.38921323 0.27380037
 0.38925198 0.33944571 0.54704022 0.37498391 0.25442272 0.31780624
 0.16757867 0.44072598 0.28598896 0.31748644 0.36763838 0.38097736
 0.3326605  0.31275487 0.49002233 0.47641504 0.23365818 0.19248848
 0.29698092 0.4179475  0.49401423 0.33648279 0.43358231 0.37869143
 0.34622607 0.40504143 0.40056491 0.21066688 0.37284681 0.40649536
 0.43346745 0.38990527 0.34355611 0.28479618 0.1781411  0.36877045
 0.31113061 0.23248258 0.27048621 0.16164489 0.18990181 0.16130072
 0.15894637 0.3953546  0.41087446 0.29214942 0.10944798 0.20450717
 0.37221566 0.4679603  0.1797341  0.45130545 0.39555088 0.24043177
 0.31518862 0.47024897 0.28610614 0.3711091  0.21901853 0.22416902
 0.58261979 0.54583812 0.43922788 0.47682565 0.40653795 0.41171777
 0.52140409 0.41786245 0.60394019 0.4359065  0.36265463 0.40064526
 0.35782322 0.44037053 0.53243238 0.56892926 0.55241299 0.48411497
 0.45340276 0.34935632 0.35089371]
[0.653678]
[0.653678   0.48168227 0.42503327 0.38921323 0.46927211 0.41518173
 0.3700166  0.44371155 0.50333136 0.47336507 0.41348058 0.42448881
 0.17057343 0.24910188 0.23991159 0.22386581 0.36959124 0.30700976
 0.38167676 0.34151635 0.48079947 0.39857242 0.49002233 0.486494
 0.5391342  0.34503117 0.39653531 0.34969807 0.3102352  0.3431282
 0.18917334 0.31650451 0.34028593 0.15345328 0.35611576 0.38471627
 0.44470233 0.27967486 0.18024535 0.36340463 0.27098826 0.3823114
 0.35481498 0.21995759 0.32838428 0.33800519 0.35621569 0.34792149
 0.13374481 0.48884043 0.27094144 0.42477757 0.34208745 0.44745237
 0.22597854 0.23320943 0.20700791 0.43385014 0.18102786 0.28434625
 0.19516443 0.41265774 0.13937199 0.65265542 0.31920484 0.19870156
 0.29609677 0.47583258 0.3496286  0.20277844 0.40637669 0.58984351
 0.43193173 0.36863977 0.31403014 0.20401591 0.38039654 0.4149119
 0.44030035 0.37053776 0.41684616 0.59044081 0.48805028 0.47776973
 0.52030462 0.52469939 0.41228318 0.3326849  0.48023573 0.45057535
 0.31327486 0.43642953 0.34892592 0.54395032 0.33139729 0.44727397
 0.55003798 0.49013796 0.32143283 0.55172271 0.53094906 0.23380406
 0.41395977 0.29501703 0.49680465 0.35241207]
[0.653678]
[0.653678   0.43574271 0.37866396 0.41518173 0.44487494 0.46513146
 0.45136091 0.42615879 0.50333136 0.3925029  0.31243002 0.27627245
 0.43792358 0.32681963 0.29078692 0.29985964 0.44742295 0.33585188
 0.38569626 0.45207152 0.26859817 0.36690754 0.46494153 0.39086893
 0.451832   0.49994743 0.47449204 0.32235447 0.32197151 0.30310157
 0.34076115 0.42877069 0.38368884 0.36932898 0.29778081 0.18174583
 0.43203536 0.35454854 0.43195596 0.49002233 0.37138495 0.3128697
 0.36498022 0.21375367 0.48884043 0.36397901 0.27944401 0.58261979
 0.3643561  0.29864359 0.43492138 0.25554612 0.447171   0.52234203
 0.486494   0.30950662 0.19048123 0.35556906 0.510221   0.33816701
 0.2608735  0.20212723 0.30244842 0.39789298 0.52390015 0.40108728
 0.27002177 0.22086613 0.28526929 0.45424491 0.17601153 0.16093789
 0.13060047 0.28659791 0.37742564 0.38887852 0.46298379 0.44609231
 0.38358113 0.53156334 0.40814537 0.26574016 0.49908826 0.16198573
 0.32083893 0.59044081 0.28755027 0.45533726 0.43549028 0.45392829
 0.36215982 0.32541251 0.46014744 0.26925781 0.17637442 0.33535093
 0.29344931 0.29622883 0.45723251 0.38870037 0.33808064 0.50648409
 0.55241299 0.56258267 0.58609217 0.53533268 0.35045272 0.31368619
 0.47947058 0.29054257]
[0.653678]
[0.653678]
[0.653678]
[0.653678   0.48168227 0.38921323 0.41518173 0.42503327 0.50333136
 0.42615879 0.42249018 0.46927211 0.38218832 0.39086893 0.38596302
 0.44914812 0.29711831 0.31411338 0.3139933  0.44615421 0.4795264
 0.4179475  0.31173024 0.49002233 0.31154215 0.39996621 0.18444793
 0.44497007 0.29598644 0.3580237  0.50472051 0.32967153 0.31685799
 0.31590199 0.33417305 0.38866872 0.1903953  0.37221566 0.49520922
 0.19969589 0.27366012 0.37201211 0.36965021 0.26524892 0.38647789
 0.43353829 0.26478061 0.37324625 0.24398431 0.35456938 0.47866181
 0.16212463 0.27154478 0.16397579 0.3966566  0.25976166 0.10507943
 0.27130538 0.54869437 0.14599812 0.16510276 0.13248719 0.3093231
 0.22698982 0.46307924 0.27922729 0.33948046 0.38843957 0.50879419
 0.44453877 0.48891777 0.42960945 0.19092909 0.18799046 0.4679603
 0.49066713 0.37042248 0.41918251 0.3481867  0.3262895  0.45376313
 0.42142171 0.40163314 0.39357364 0.51096624 0.41012847 0.48836812
 0.36779696 0.59044081 0.37730822 0.26174256 0.18915291 0.32750651
 0.42028812 0.46319252 0.40332747 0.30909416 0.42546839 0.37599716
 0.54395032 0.51813543 0.55584198 0.46058983 0.30192623 0.34860766
 0.44130027 0.26190743 0.3541306  0.66788638 0.58290011]
[0.653678]
[0.653678]
[0.653678]
[0.653678   0.47033578 0.48168227 0.41144755 0.48459935 0.38921323
 0.36659664 0.40393788 0.37403828 0.41518173 0.28983057 0.38520986
 0.50333136 0.32721204 0.33552936 0.48363948 0.48317924 0.43750045
 0.26277116 0.32872364 0.27774838 0.26013419 0.38855001 0.34018022
 0.17205401 0.4843986  0.41309711 0.36808228 0.47065437 0.49746427
 0.29010224 0.35447136 0.42738959 0.41128975 0.4179475  0.30520988
 0.26592779 0.41820726 0.37612271 0.43290946 0.43450382 0.39421752
 0.35570341 0.41114005 0.48884043 0.45092347 0.46159509 0.4070425
 0.30075052 0.37991452 0.2815153  0.25743571 0.49002233 0.31824508
 0.43004265 0.33042124 0.49908826 0.43193173 0.16839483 0.27954364
 0.27343017 0.4013536  0.10166118 0.26427963 0.19749969 0.25917891
 0.39719594 0.6162591  0.18855032 0.39915597 0.124022   0.34986833
 0.3349258  0.5336349  0.18523028 0.37179568 0.31033084 0.3330833
 0.50905877 0.39975229 0.44214755 0.39732122 0.18164983 0.49406591
 0.26999113 0.26746941 0.38135204 0.31072879 0.19025266 0.34381023
 0.54638904 0.44485351 0.15551956 0.47568992 0.40719068 0.41587031
 0.48137072 0.53587306 0.43871436 0.39958796 0.48880732 0.37307489
 0.30128086 0.45653453 0.52007431 0.54902756 0.2875278  0.36580989
 0.35415056 0.56477463 0.53117496 0.58609217 0.48449764 0.33090121
 0.27363512]
[0.653678]
[0.653678]
[0.653678   0.48168227 0.40388605 0.42826372 0.44371155 0.4626554
 0.46927211 0.44487494 0.42615879 0.37932947 0.37411377 0.49800783
 0.2204348  0.31684828 0.43792358 0.38795069 0.16734011 0.33904141
 0.39547586 0.45889494 0.28820625 0.15983617 0.32371694 0.5391342
 0.12109723 0.3297244  0.39541462 0.36465535 0.35205138 0.38368884
 0.38238603 0.42227891 0.42730117 0.24853928 0.39327455 0.27359715
 0.4795264  0.37261689 0.29241726 0.48884043 0.23352359 0.27891827
 0.23981284 0.41833043 0.35427853 0.49002233 0.39950436 0.18856247
 0.41293296 0.35584769 0.31125653 0.28171957 0.26785243 0.58261979
 0.43346304 0.28658471 0.17603205 0.41049188 0.49299604 0.4963353
 0.46927553 0.11138134 0.15041284 0.19219188 0.29917985 0.27631518
 0.23503841 0.45090228 0.25263095 0.15986423 0.48084372 0.44377112
 0.40023717 0.42011034 0.49071512 0.38135204 0.32959765 0.32019755
 0.46158296 0.19189133 0.42930976 0.52207947 0.41808507 0.47776973
 0.28195566 0.45644408 0.2927832  0.48782346 0.46490842 0.29072484
 0.27997807 0.52429414 0.53095698 0.4162603  0.61183935 0.36596167
 0.31677541 0.3806791  0.55172271 0.57145387 0.5408231  0.29786047
 0.34601706 0.58609217 0.52950537 0.44676477 0.49988809 0.25520375
 0.47452238]
[0.653678]
[0.653678]
[0.653678]
[0.653678   0.47033578 0.48168227 0.38921323 0.42503327 0.37096137
 0.50015861 0.4626554  0.39756832 0.46927211 0.39622486 0.48363948
 0.46402419 0.48899966 0.41173112 0.22627647 0.32899204 0.33745086
 0.39928672 0.32131532 0.32160065 0.3907491  0.44425976 0.49440235
 0.18233755 0.48884043 0.18289886 0.33307427 0.33726704 0.30812615
 0.4275966  0.33141974 0.3717902  0.49002233 0.31102097 0.13747355
 0.44309828 0.38941315 0.39367241 0.21648018 0.25957045 0.40504143
 0.38304317 0.44099995 0.47082084 0.23935083 0.32950681 0.24813524
 0.25237042 0.1797374  0.16115007 0.28154629 0.36167875 0.28042585
 0.25178212 0.26444986 0.4017159  0.38099399 0.26271874 0.17683819
 0.4635435  0.2888025  0.35814032 0.18456897 0.10452839 0.18329431
 0.45417178 0.61449462 0.33645982 0.35316896 0.49908826 0.44006976
 0.36913237 0.56180692 0.45430249 0.38490617 0.32582676 0.43193173
 0.19480315 0.49673611 0.3666634  0.43418971 0.55232978 0.44227338
 0.50526881 0.5127548  0.42273554 0.46735388 0.33119005 0.43806615
 0.29758841 0.48076063 0.1180817  0.48166823 0.46704072 0.37974665
 0.45292959 0.54653078 0.27071485 0.47467706 0.54619336 0.31855845
 0.47958151 0.32656795]
[0.653678]
[0.653678   0.43574271]
[0.653678]
[0.653678]
[0.653678]
[0.653678   0.44487494 0.41518173 0.43346566 0.40304238 0.46927211
 0.36186403 0.42615879 0.37411377 0.38218832 0.4431009  0.33037081
 0.34380481 0.31638706 0.31672001 0.31578064 0.34724408 0.37540495
 0.16015296 0.33117431 0.48079947 0.49800783 0.42248833 0.35223201
 0.57726395 0.45950729 0.46311739 0.49002233 0.32050058 0.4050287
 0.23201038 0.43290946 0.28782979 0.31847891 0.41148588 0.46307924
 0.37041503 0.48976868 0.45468369 0.25725943 0.2411868  0.35744432
 0.40814906 0.33531708 0.3699882  0.47138292 0.48320642 0.28994858
 0.14088365 0.34398836 0.16447733 0.17066751 0.12726694 0.29221505
 0.47413984 0.18962567 0.36498022 0.3520118  0.38072556 0.22528651
 0.35557956 0.25047076 0.30257413 0.2802543  0.41621175 0.45457676
 0.39969069 0.31931648 0.39475107 0.47866181 0.29615092 0.14613929
 0.14848445 0.22273603 0.50180507 0.44460571 0.43812329 0.18369766
 0.42901394 0.45090228 0.40030134 0.19958773 0.39595187 0.55587941
 0.46416885 0.390885   0.37422356 0.41905817 0.48264101 0.33643022
 0.3780641  0.52002817 0.47659269 0.47575033 0.40702143 0.42407057
 0.28054872 0.4726024  0.32098833 0.34414771 0.36623666 0.56556398
 0.13549675 0.53588581 0.33580491 0.24381913 0.50049102 0.36141643
 0.43209025 0.57852644]
[0.653678]
[0.653678   0.48168227 0.38921323 0.44487494 0.46927211 0.44371155
 0.42615879 0.3700166  0.4626554  0.42942721 0.43792358 0.39453724
 0.39083901 0.35198209 0.2884441  0.49800783 0.43004432 0.22577384
 0.33880416 0.35362971 0.3545025  0.51857394 0.36917835 0.38074884
 0.34969807 0.31876317 0.35017321 0.28180033 0.45368358 0.43270937
 0.28207535 0.44209629 0.39839932 0.293984   0.13200991 0.49002233
 0.37540495 0.486494   0.16384451 0.38103756 0.3070024  0.38217887
 0.16083884 0.48884043 0.29771316 0.22727349 0.41650864 0.15875335
 0.28408164 0.39735109 0.2960237  0.30606702 0.12578005 0.27958754
 0.28532755 0.42635021 0.39555088 0.39463362 0.21158706 0.39947057
 0.16572484 0.27255321 0.4875302  0.36926833 0.34007666 0.36090082
 0.18614925 0.47866181 0.41328207 0.49619889 0.42066437 0.44609231
 0.48333809 0.58261979 0.4634887  0.45009932 0.51437926 0.4199017
 0.32680526 0.43065795 0.21270838 0.62689072 0.46765691 0.60394019
 0.39369175 0.48271516 0.29233363 0.50173229 0.41048613 0.22567517
 0.51397777 0.13559954 0.54395092 0.33219135 0.25464085 0.38398725
 0.32062992 0.54190356 0.55858642 0.53093415 0.57501745 0.33417869
 0.53547925 0.65799683 0.51400405]
[0.653678]
[0.653678]
[0.653678]
[0.653678]
[0.653678]
[0.653678]
[0.653678]
[0.653678]
[0.653678   0.48168227 0.41427821 0.41518173 0.50333136 0.24672458
 0.38596302 0.46927211 0.47033578 0.3893508  0.42615879 0.27316204
 0.25052348 0.40243331 0.37094647 0.30233124 0.30181229 0.33622521
 0.31040859 0.32293534 0.49309421 0.40175241 0.15465075 0.486494
 0.46426502 0.4325313  0.25979787 0.17997339 0.27936387 0.46052024
 0.32256138 0.46559688 0.49578846 0.44323519 0.38739583 0.3605307
 0.29370368 0.44497007 0.3542425  0.6054433  0.15355028 0.33414161
 0.42370418 0.42362523 0.36449099 0.43612131 0.22458132 0.16499227
 0.22199644 0.15715745 0.47674477 0.15869458 0.34259439 0.36922094
 0.33099598 0.27052155 0.18426278 0.38241318 0.37327701 0.23188545
 0.58261979 0.32721609 0.29552522 0.19173948 0.44225973 0.33595496
 0.29857191 0.27772066 0.19446795 0.42208731 0.4320983  0.1840546
 0.51473999 0.4123385  0.46001393 0.48420691 0.47955543 0.59044081
 0.37324202 0.30480877 0.49482813 0.37172145 0.41370809 0.44421253
 0.20010291 0.2923879  0.27906594 0.48111296 0.29883644 0.3892732
 0.28247795 0.50843036 0.39537957 0.37493679 0.39612004 0.56699038
 0.54076648 0.55105996 0.45508811 0.57818985 0.55483121 0.29283494]
[0.653678   0.43574271 0.44487494 0.4626554  0.46927211 0.39238253
 0.42615879 0.35749957 0.38921323 0.42249018 0.25060353 0.40393788
 0.47135821 0.31120524 0.25345603 0.38520986 0.2703231  0.48079947
 0.32740855 0.3994557  0.31791767 0.17174108 0.36399415 0.30700976
 0.33659568 0.4179475  0.31442493 0.48926985 0.50715905 0.49401423
 0.18170993 0.37105444 0.47674477 0.35439426 0.35593668 0.27722904
 0.44071478 0.44497007 0.30456963 0.3577399  0.33876652 0.39954937
 0.47866181 0.24853255 0.40778804 0.44395193 0.30504137 0.39708284
 0.50609028 0.25207424 0.2471513  0.37324625 0.58984351 0.42334569
 0.47407776 0.38331103 0.60394019 0.4199658  0.52646041 0.41201311
 0.29698092 0.2029974  0.43925115 0.29973614 0.46800989 0.43387619
 0.50429863 0.18215816 0.19954495 0.27930158 0.35037678 0.15160152
 0.39773706 0.27510172 0.29704785 0.31107962 0.36250806 0.37221566
 0.22121668 0.19973966 0.50559378 0.41386765 0.32650444 0.50154901
 0.49908826 0.51414746 0.2112719  0.38350445 0.53242576 0.59439617
 0.45494565 0.56477463 0.22645971 0.39381993 0.3096894  0.39827824
 0.51995677 0.3166303  0.29828474 0.41642663 0.33494288 0.46119934]
[0.653678]
[0.653678]
[0.653678   0.48168227 0.46927211 0.44881704 0.41518173 0.47033578
 0.44487494 0.3733784  0.42615879 0.2204922  0.28431338 0.49800783
 0.38228506 0.43792358 0.29900953 0.32203037 0.44870591 0.3725059
 0.18993638 0.45626915 0.27535003 0.5391342  0.22508353 0.46877071
 0.38921323 0.3728646  0.37705475 0.17436303 0.486494   0.27231914
 0.38060907 0.32674363 0.31053987 0.38113192 0.39711782 0.43811068
 0.38304317 0.2943559  0.39479998 0.30213431 0.30005148 0.38731021
 0.36397901 0.19160771 0.35571763 0.41520071 0.24441867 0.35454136
 0.38180235 0.44435415 0.20434774 0.19000061 0.44788095 0.23304296
 0.36366013 0.29203081 0.22594304 0.26266319 0.1419569  0.21101768
 0.18351172 0.19155672 0.37221566 0.29143623 0.4679603  0.17592134
 0.44009832 0.28195566 0.39201492 0.47044864 0.45752943 0.34019417
 0.34766656 0.23933309 0.55587941 0.41986275 0.39261141 0.30990475
 0.3242749  0.52429414 0.38281298 0.45939475 0.40410045 0.52156085
 0.42886764 0.58333677 0.51281446 0.42330894 0.46601123 0.36358222
 0.38373873 0.55615443 0.57862753 0.5456723  0.32863197 0.4643172
 0.31563482 0.31885216 0.26721045 0.45657834 0.50165176 0.27727208]
[0.653678]
[0.653678]
[0.653678]
[0.653678]
[0.653678   0.47033578]
[0.653678   0.43574271 0.39512253 0.46927211 0.45159107 0.39086893
 0.2624025  0.3733784  0.42615879 0.4626554  0.44371155 0.30160785
 0.42887825 0.35624415 0.449974   0.22316967 0.38921323 0.33048543
 0.32324064 0.30817878 0.38855001 0.31097457 0.29484996 0.33329746
 0.39520082 0.31177747 0.46466941 0.31063348 0.51459998 0.44042227
 0.35035828 0.49401423 0.43289077 0.39270163 0.41402611 0.33963862
 0.42827401 0.3875542  0.54704022 0.36189353 0.2739222  0.47674477
 0.15151745 0.4360396  0.3364251  0.43391335 0.23690465 0.51014638
 0.21170591 0.31348839 0.22695884 0.36586997 0.34578511 0.21582264
 0.58261979 0.25763759 0.16404472 0.43011412 0.15090108 0.23090516
 0.37318307 0.4842329  0.38135204 0.3291755  0.47892129 0.3267954
 0.30512756 0.39919087 0.21519087 0.30639434 0.22510414 0.35297024
 0.3972691  0.52540159 0.35436773 0.22122616 0.46158296 0.41642663
 0.46842906 0.37234673 0.4340761  0.46141085 0.28285387 0.51840377
 0.42331454 0.44609231 0.46079588 0.38621286 0.29152462 0.3170808
 0.59044081 0.25057593 0.4412874  0.23318543 0.39687929 0.46862817
 0.48449418 0.31582001 0.37325874 0.43430665 0.23786229 0.59324944
 0.35705635 0.561171   0.54320228 0.49751824 0.40843806 0.40493196
 0.37846008]
[0.653678]
[0.653678]
[0.653678]
[0.653678]
[0.653678]
[0.653678   0.48168227 0.45314288 0.46927211 0.42503327 0.44371155
 0.39811447 0.22175288 0.42615879 0.16421545 0.46559688 0.39541462
 0.40407816 0.35565418 0.33954975 0.26301318 0.30241299 0.28467634
 0.4622674  0.40517047 0.32128981 0.45053363 0.35034868 0.38921323
 0.32164511 0.486494   0.22434646 0.33344373 0.21088383 0.21920151
 0.46127215 0.28010374 0.33206871 0.28358653 0.37813127 0.35280704
 0.40056491 0.40740025 0.39732882 0.45032346 0.36498022 0.37221566
 0.44237491 0.27816978 0.1700868  0.26904145 0.36417553 0.23911577
 0.2687721  0.15132909 0.26215297 0.29084539 0.44788095 0.28923541
 0.39708284 0.16799216 0.28079396 0.28873035 0.14840901 0.20916428
 0.46307924 0.3696897  0.30330372 0.46580279 0.43077624 0.49908826
 0.27034897 0.26020637 0.17667487 0.50429863 0.41999471 0.3896414
 0.58261979 0.52216268 0.39020121 0.44487995 0.44654    0.37887725
 0.50706142 0.49791095 0.25135112 0.52222753 0.4106009  0.43281877
 0.52429414 0.43971759 0.48386461 0.59044081 0.35310549 0.31050777
 0.30621582 0.45836169 0.52253073 0.48921302 0.19275215 0.54653078
 0.59125251 0.24407791 0.28929141 0.55980486 0.58609217 0.48600733
 0.37103853 0.53882843 0.23158051]
[0.653678]
[0.653678]
[0.653678]
[0.653678]
[0.653678]
[0.653678   0.47033578 0.50958145 0.41427821 0.38292825 0.4626554
 0.39086893 0.38921323 0.41518173 0.5006811  0.43061543 0.46927211
 0.41261289 0.25893077 0.49994743 0.46498039 0.4179475  0.33179486
 0.44497007 0.38203776 0.3953242  0.29582939 0.46466941 0.36808228
 0.41058898 0.36922526 0.27267975 0.35571414 0.28641328 0.39355901
 0.29299206 0.49401423 0.48884043 0.36701572 0.38360476 0.33945778
 0.37716103 0.32837316 0.47485512 0.3660365  0.40944162 0.3821753
 0.25200853 0.30469352 0.3967813  0.23953544 0.30329341 0.23254228
 0.47826117 0.4150241  0.43502623 0.21109767 0.19158155 0.15497272
 0.17996964 0.27355266 0.29289663 0.36493418 0.17839655 0.29615092
 0.47866181 0.3430087  0.35785955 0.17089567 0.46437535 0.18274838
 0.42629963 0.40189266 0.37854823 0.31620464 0.59044081 0.49908826
 0.38762113 0.36852533 0.44609231 0.58984351 0.43113464 0.51000667
 0.37104616 0.26656443 0.3892732  0.52429414 0.54737729 0.43315291
 0.52305311 0.4795233  0.43422034 0.41365817 0.34936178 0.50319552
 0.53676838 0.40270686 0.28421131 0.36045045 0.30403349 0.36369434
 0.45986962 0.56219703 0.50143105 0.39207563 0.34686956]
[0.653678   0.48168227 0.41144755 0.47033578 0.38921323 0.40137881
 0.4319427  0.46927211 0.47362304 0.43830928 0.37285301 0.30727461
 0.33071619 0.24902536 0.4179475  0.24443813 0.28936255 0.20679018
 0.37878066 0.40931877 0.37411377 0.16751482 0.20710723 0.29495078
 0.5391342  0.40167138 0.49401423 0.3649334  0.3799603  0.38121769
 0.42015207 0.44690546 0.28314188 0.38304317 0.41844487 0.4471952
 0.48884043 0.29911911 0.24284954 0.38267925 0.49002233 0.42332599
 0.38629732 0.24595906 0.36654788 0.25715882 0.58261979 0.362647
 0.28263196 0.26715764 0.35132191 0.36104697 0.30614445 0.48040038
 0.286356   0.37221566 0.2440946  0.16202527 0.31555918 0.5090335
 0.48274133 0.52978796 0.18173571 0.10247867 0.50301552 0.45877406
 0.47866181 0.25665474 0.44781154 0.27889216 0.41192827 0.3951582
 0.35031772 0.30969819 0.20513576 0.45823479 0.19647345 0.48305464
 0.1769419  0.35779852 0.29735306 0.48805028 0.40477151 0.41385454
 0.47320363 0.52305311 0.4078041  0.38103384 0.4522602  0.60394019
 0.19929956 0.47690976 0.38272265 0.27601075 0.49615714 0.54969418
 0.56779462 0.35207593 0.47201312 0.38586935 0.32383111 0.45002225
 0.5904718 ]
[0.653678   0.48168227]
[0.653678]
[0.653678]
[0.653678]
[0.653678]
[0.653678]
[0.653678   0.49313805 0.43376684 0.46927211 0.47033578 0.50015861
 0.42942721 0.38218832 0.24837044 0.38921323 0.454211   0.41698244
 0.38925198 0.34057617 0.31689638 0.48363948 0.31764719 0.342888
 0.49994743 0.21828845 0.37606031 0.42503327 0.50633544 0.41719395
 0.20553745 0.45960867 0.51120991 0.44669732 0.43758768 0.31479657
 0.37063783 0.30395487 0.36506569 0.49401423 0.14419737 0.27337337
 0.37931198 0.42199072 0.33179459 0.37694177 0.49002233 0.37865669
 0.25745293 0.36719671 0.47674477 0.4523769  0.48352835 0.22022454
 0.36498022 0.48604676 0.44958067 0.36449817 0.39475977 0.24919929
 0.29073262 0.28196099 0.36637324 0.32156315 0.23117326 0.44788095
 0.32995239 0.17054361 0.25444651 0.28344724 0.15236919 0.1919046
 0.11117649 0.57320637 0.29341888 0.17272659 0.52159989 0.192624
 0.4679603  0.19831698 0.60133618 0.4150241  0.38381588 0.17505898
 0.38288671 0.42971084 0.44609231 0.48155579 0.40100318 0.52513784
 0.40624839 0.43953022 0.56845224 0.58984351 0.36740777 0.47265193
 0.30106702 0.48813111 0.5344581  0.34542504 0.21194668 0.58539075
 0.37458557 0.56932306 0.49624896 0.27549016 0.2375268  0.40506098
 0.48738745 0.49532732 0.5331291  0.66387576 0.41752836]
[0.653678]
[0.653678]
[0.653678]
[0.653678]
[0.653678]
[0.653678]
[0.653678]
[0.653678]
[0.653678   0.48168227 0.41518173 0.37954953 0.39086893 0.44676426
 0.44487494 0.4431009  0.43737179 0.46984154 0.41261289 0.37589309
 0.28713921 0.31833464 0.31619787 0.36165002 0.46927211 0.29364657
 0.15992142 0.44209629 0.18231398 0.1867552  0.35849926 0.2529653
 0.32873702 0.31627554 0.3126955  0.32513151 0.46845189 0.2071472
 0.37261689 0.46370164 0.45207152 0.37909484 0.23464978 0.26121172
 0.4376218  0.4607904  0.4348124  0.34761858 0.43331921 0.31201813
 0.34647813 0.42388129 0.40671697 0.42477757 0.29939008 0.33202896
 0.49520922 0.54704022 0.2361501  0.18779011 0.25763014 0.28350833
 0.33819625 0.19383702 0.42484561 0.35334876 0.31847891 0.38601685
 0.078932   0.20348239 0.27195749 0.17767543 0.1435829  0.29430044
 0.58175653 0.20416808 0.30003425 0.29645291 0.29615092 0.37398097
 0.36567935 0.32225141 0.31897691 0.20255519 0.39229015 0.45186347
 0.41170895 0.42792889 0.4843986  0.42857051 0.51755279 0.41110408
 0.58261979 0.50033659 0.42950159 0.37709475 0.41487649 0.54010957
 0.46096134 0.40891483 0.33685464 0.34781173 0.19490644 0.38467103
 0.29291382 0.40585646 0.40234804 0.52429414 0.39876601 0.34936529
 0.54301345 0.55781806 0.55746925 0.35587072 0.33892667 0.55573726
 0.61249995 0.42471224 0.37345076 0.66038787]
[0.653678   0.43574271]
[0.653678]
[0.653678   0.44487494 0.48168227 0.44969091 0.39086893 0.4626554
 0.47033578 0.41518173 0.3733784  0.42615879 0.21719752 0.39046952
 0.38921323 0.24874398 0.4780134  0.2347002  0.31764719 0.34743875
 0.37000489 0.4069148  0.31385395 0.49994743 0.32245365 0.31290483
 0.3094219  0.49002233 0.44539824 0.45941544 0.30725464 0.47674477
 0.23078996 0.14136143 0.4179475  0.39441633 0.3214739  0.36044142
 0.44551694 0.44519123 0.38723668 0.23386559 0.37099281 0.3247413
 0.33427045 0.33652872 0.37845558 0.50227571 0.30612898 0.4060232
 0.40403035 0.27125046 0.28466061 0.28591958 0.06050032 0.42627266
 0.21117799 0.12702231 0.22907346 0.29293847 0.16139385 0.28976396
 0.46031773 0.19503553 0.278492   0.43588388 0.49124497 0.52390015
 0.41226101 0.40653938 0.56676531 0.33797371 0.44609231 0.36499891
 0.32426742 0.40593028 0.48910001 0.27878612 0.27232414 0.31125042
 0.43755823 0.46158296 0.34060279 0.50337774 0.54737729 0.3347393
 0.37534693 0.19751044 0.44064629 0.58261979 0.36584583 0.4201625
 0.48986962 0.3453446  0.43409318 0.34083402 0.52339458 0.48399833
 0.59248304 0.21271592 0.29837784 0.55632234 0.46755418 0.41766179]
[0.653678]
[0.653678   0.48168227 0.38921323 0.44371155 0.32587999 0.42503327
 0.4626554  0.42982885 0.48317924 0.28541189 0.41261289 0.3897621
 0.39086893 0.47771698 0.24506363 0.30858979 0.31764719 0.36113662
 0.1467198  0.39722398 0.33294967 0.41992816 0.36091194 0.43466255
 0.22278985 0.34494033 0.30633792 0.38920891 0.23045501 0.39287689
 0.37151965 0.2832689  0.4320724  0.33149964 0.42992485 0.35174721
 0.20036896 0.17056617 0.18680727 0.28523266 0.21799564 0.35975003
 0.27823186 0.50472051 0.36468455 0.38914591 0.47674477 0.46804789
 0.37261689 0.25268766 0.28976569 0.27634171 0.19341971 0.30404317
 0.289354   0.36543429 0.28689647 0.19665228 0.30736068 0.1866864
 0.44129521 0.316302   0.38229522 0.18226872 0.47866181 0.4857921
 0.36567935 0.3151207  0.46298379 0.52156085 0.58953369 0.56676531
 0.41335174 0.4250823  0.52128857 0.23430769 0.44609231 0.52429414
 0.54737729 0.37917283 0.58261979 0.42521363 0.35236934 0.36913237
 0.31043828 0.42056575 0.40115899 0.46034506 0.3064554  0.20573075
 0.34232605 0.39428967 0.48121417 0.36762396 0.54348087 0.54004163
 0.58539075 0.2872566  0.49986786 0.38179666 0.32048991 0.51072931]
[0.653678]
[0.653678]
[0.653678]
