2.2856299761777876
2.3575288284769353
2.3315113119822266
2.336382008375274
2.2548415809583133
2.3624475054607217
2.274393975555393
2.282976905737324
2.268661724372441
2.282814356763895
2.291553348409142
2.263447352088259
2.3530871080755213
2.326806926756669
2.287106913770036
2.2717422182809983
2.204891554057614
2.325068528175523
2.3719749339207414
2.405248123578862
2.246573397751961
2.218554576314574
2.2700320629362647
2.2599004519996786
2.2878280921890877
2.276091330810207
2.3070645257275553
2.2779986091104325
2.2590069378192403
2.3228640091936246
2.3597918247438017
2.3171790983369487
2.2677978737725066
2.302491285937048
2.3719556343247383
2.3630323451119892
2.2012011193061563
2.3048374389497424
2.241352767958385
2.287290093097617
2.420103416787807
2.3628605487240772
2.26317370883649
2.322433102095138
2.2278028170256476
2.4043166938485623
2.2181803186266587
2.2839723907028127
2.277333487140396
2.2778980083240636
2.3269911711869806
2.295263350979871
2.3092891819095396
2.3812513897559935
2.3123682388845683
2.3012210664207817
2.2424061641643345
2.25244555018687
2.2466739318987656
2.2501109741990266
2.232823281370502
2.3022399028349074
2.3762887501119554
2.326306287920648
2.256328333795837
2.293897489730174
2.29960009553678
2.364445115858379
2.3528123494610593
2.32759019617741
2.226835782388531
2.3245968088927995
2.3989323621688143
2.298581094369668
2.1793247485367635
2.320294085421767
2.242043925343265
2.2607238187284437
2.324385809590231
2.246615997636276
2.3543587884300567
2.2630961219547263
2.1769925944557977
2.3377697111329674
2.313974965271628
2.302895475369824
2.327921925685316
2.374626666982813
2.3174763688800795
2.2941587147137046
2.3360610787468206
2.267665855942803
2.2466620942696256
2.2623845200348267
2.297391174916914
2.2843552234612794
2.301946974891451
2.3030335992298525
2.3690430696644897
2.2103489445670874
2.378754413819161
2.3623464645428545
2.2480376509907964
2.189291006836889
2.3792925254065977
2.244463691397674
2.3198944814990785
2.398699715412479
2.340839840140232
2.3551756104057855
2.3193820470872346
2.3010508201113975
2.1943188116749965
2.2800896527966383
2.3364254455976603
2.2983252504453944
2.233612171277173
2.3021263546395705
2.258742381155657
2.270006248955486
2.2319629833836157
2.2744963872984183
2.329992649461996
2.2609601932858325
2.2807118936272524
2.3309739859995053
2.3518043587917274
2.2747778938475065
2.296478173150472
2.301454138527803
2.207036350590103
2.2387986282803087
2.2354533699439187
2.3423848556901348
2.311236083604223
2.254114937074071
2.377267399019117
2.2481099895949574
2.2481126093241777
2.275336038420688
2.256940610713853
2.206356782268127
2.2462112453564895
2.26752651021347
2.286270285881322
2.3643293350537657
2.333491324690071
2.2365552854114483
2.2692513955009836
2.3830199521886977
2.273309549356048
